0 0.605416 0.644495 0.154053 0.216261 0.939063
1 0.498955 0.377514 0.283188 0.450808 0.912635
0 0.766454 0.838881 0.117639 0.238512 0.821203
0 0.167974 0.77879 0.335947 0.438567 0.684357
0 0.875794 0.814188 0.138953 0.266195 0.657533
0 0.478472 0.645017 0.0752273 0.132709 0.65539
0 0.096179 0.575806 0.0602077 0.0633281 0.44036
0 0.48991 0.798039 0.118048 0.211604 0.419682
0 0.838139 0.973856 0.0792378 0.0496793 0.380837
0 0.82083 0.682642 0.343599 0.62913 0.361126
0 0.456958 0.93787 0.0847946 0.110833 0.347874
0 0.223889 0.743268 0.203405 0.25749 0.317499
