1 0.841776 0.537563 0.232899 0.378844 0.939103
1 0.332836 0.515321 0.268068 0.58017 0.900107
0 0.573863 0.732149 0.0665045 0.0841737 0.879824
0 0.632986 0.724143 0.43007 0.22298 0.680941
0 0.535759 0.676993 0.115684 0.0831797 0.642931
0 0.742361 0.723828 0.0479824 0.104972 0.568112
0 0.612118 0.781189 0.069626 0.0716968 0.516804
0 0.727222 0.368429 0.421706 0.61041 0.508882
0 0.454652 0.610003 0.0424473 0.100245 0.498807
0 0.110984 0.793192 0.220938 0.174099 0.437333
0 0.483276 0.798429 0.110094 0.0966894 0.416079
0 0.148254 0.831129 0.0695478 0.0856195 0.389881
0 0.176443 0.486681 0.0567522 0.169169 0.371066
0 0.0986535 0.38524 0.196299 0.673343 0.370148
0 0.189164 0.752353 0.056673 0.0698766 0.337048
0 0.783969 0.716485 0.127259 0.144755 0.322738
0 0.212775 0.403134 0.424316 0.72474 0.322678
0 0.195229 0.752299 0.0418435 0.0654497 0.319409
