1 0.348922 0.425597 0.217894 0.380771 0.986676
0 0.450017 0.669675 0.054768 0.049879 0.911664
0 0.677199 0.80756 0.12353 0.15397 0.780227
0 0.275822 0.793992 0.100093 0.0974602 0.686073
0 0.781835 0.505621 0.11007 0.0743267 0.587832
0 0.528455 0.664714 0.419698 0.337202 0.563269
0 0.844494 0.691232 0.0612895 0.0560153 0.483521
0 0.66583 0.780203 0.0600178 0.0817926 0.459545
0 0.466639 0.508906 0.0460441 0.10348 0.406352
0 0.586175 0.770312 0.0688193 0.0610134 0.400755
0 0.644388 0.85535 0.0596163 0.0669013 0.387753
0 0.845236 0.673153 0.0651903 0.0923619 0.381179
0 0.480015 0.50436 0.0692274 0.0924415 0.357513
0 0.844624 0.752568 0.0421827 0.0620864 0.344805
0 0.755758 0.501187 0.139561 0.0657469 0.340704
0 0.553981 0.310472 0.807163 0.532843 0.326749
0 0.459522 0.470652 0.0267432 0.0353568 0.306116
0 0.194268 0.585767 0.19843 0.170246 0.303898
