1 0.425868 0.337304 0.493017 0.334559 0.983837
0 0.764548 0.633822 0.149707 0.130936 0.899053
0 0.682579 0.681341 0.0893443 0.0522114 0.877054
0 0.853688 0.766892 0.10577 0.0577181 0.737165
0 0.714469 0.523289 0.18526 0.135303 0.728756
0 0.122171 0.443075 0.244342 0.124301 0.552067
0 0.219146 0.813018 0.0608567 0.0337682 0.523251
0 0.909083 0.674184 0.152876 0.0961166 0.508585
0 0.379896 0.716965 0.156111 0.0959236 0.494205
0 0.190989 0.582386 0.104488 0.0645052 0.473924
0 0.331809 0.598315 0.663617 0.341612 0.441048
0 0.0617311 0.641549 0.123462 0.081987 0.439317
0 0.71385 0.4593 0.14713 0.0660633 0.391492
0 0.446964 0.608657 0.893928 0.316448 0.316316
0 0.350085 0.516635 0.168258 0.112472 0.304079
