1 0.250602 0.573783 0.451991 0.433871 0.996944
0 0.263735 0.808618 0.0901912 0.0941288 0.88744
0 0.465636 0.810622 0.0788528 0.0743181 0.875295
1 0.558115 0.503711 0.241421 0.250926 0.866858
0 0.87761 0.789841 0.0560301 0.0623523 0.842936
0 0.767333 0.515267 0.0478997 0.0704823 0.82917
0 0.0736393 0.946516 0.146082 0.0903337 0.800573
1 0.735267 0.480937 0.181453 0.178174 0.792787
0 0.3527 0.834466 0.151401 0.10501 0.781613
0 0.076679 0.770786 0.144796 0.126453 0.678597
0 0.760251 0.523813 0.0608204 0.0871884 0.564754
0 0.564739 0.647511 0.100213 0.0735996 0.501023
0 0.877131 0.781651 0.0539566 0.0440459 0.479055
0 0.269329 0.752789 0.0952436 0.0702728 0.468075
0 0.506011 0.965904 0.124187 0.0619968 0.454721
0 0.187033 0.833052 0.0526603 0.0447007 0.374066
0 0.489903 0.967909 0.0948395 0.0573143 0.366707
0 0.661964 0.608579 0.0901616 0.0788601 0.32879
0 0.53866 0.646279 0.178234 0.084477 0.31502
