1 0.321094 0.473398 0.302347 0.357925 0.989532
1 0.532529 0.413319 0.161544 0.202058 0.987725
0 0.393292 0.697822 0.100383 0.0762937 0.885786
1 0.639139 0.398014 0.101015 0.146727 0.842454
0 0.749625 0.659328 0.045171 0.0510464 0.654479
0 0.466575 0.675612 0.0561788 0.0622066 0.653354
0 0.817437 0.858412 0.0520355 0.0373757 0.641341
0 0.540076 0.543089 0.0729735 0.0596407 0.532837
0 0.69031 0.721092 0.0577946 0.0614577 0.461411
0 0.611227 0.436956 0.476531 0.853267 0.41771
0 0.753668 0.314028 0.0755753 0.0879355 0.410789
0 0.772793 0.606164 0.032393 0.0311475 0.395496
0 0.802389 0.486335 0.0805939 0.0404586 0.393333
0 0.207474 0.787643 0.091152 0.0655051 0.355736
0 0.45033 0.67196 0.301999 0.241454 0.323925
0 0.33568 0.676623 0.0606092 0.0796022 0.302187
0 0.508162 0.885803 0.162071 0.228394 0.301162
0 0.404883 0.214181 0.788988 0.419952 0.301154
0 0.136684 0.64624 0.271962 0.415178 0.300844
