1 0.86 0.6265333333333334 0.9093333333333333 0.6158633333333333 0.896 0.54918 0.8506666666666667 0.5425116666666667 0.7766666666666666 0.5636666666666666 0.7933333333333333 0.619865 0.86 0.6265333333333334
0 0.7671 0.6078833333333333 0.04116666666666674 0.02668333333333332
0 0.2192 0.6730499999999999 0.03409999999999999 0.023050000000000067
0 0.0358 0.68875 0.042383333333333335 0.022799999999999918
0 0.24246666666666664 0.6397833333333334 0.024599999999999986 0.027183333333333243
0 0.194 0.6435666666666666 0.04945000000000003 0.017683333333333356
0 0.17123333333333332 0.65855 0.05016666666666666 0.030600000000000023
0 0.4096666666666667 0.6871666666666667 0.015583333333333371 0.012333333333333295
0 0.4678833333333334 0.6718166666666666 0.010233333333333311 0.015733333333333425
0 0.33953333333333335 0.6326 0.021433333333333356 0.010366666666666711
0 0.8649000000000001 0.6684166666666667 0.034583333333333334 0.01866666666666674
0 0.6951333333333333 0.6290666666666667 0.031183333333333393 0.02523333333333331
0 0.18303333333333333 0.6156666666666666 0.0324 0.013050000000000068
0 0.67715 0.5662333333333334 0.024049999999999915 0.021549999999999916
0 0.7347166666666667 0.5554333333333333 0.028816666666666605 0.020849999999999983
0 0.9401333333333334 0.64205 0.09804999999999987 0.03493333333333339