1 0.46016483516483514 0.16947376543209877 0.4958791208791209 0.30376813271604935 0.6112637362637363 0.3145733024691358 0.7596153846153846 0.40410300925925924 0.9931318681318682 0.40873379629629636 0.9993131868131868 0.15866859567901234 0.9684065934065934 0.12316550925925926 0.6318681318681318 0.11226851851851852 0.46016483516483514 0.16947376543209877
0 0.5889423076923077 0.6079552469135803 0.4842032967032967 0.2159143518518519
0 0.3248626373626374 0.8564351851851852 0.10027472527472528 0.033854166666666664
0 0.38495879120879123 0.4528395061728395 0.5020604395604396 0.1834606481481482
0 0.7369505494505495 0.4593942901234568 0.4024725274725275 0.06538966049382708
0 0.8210851648351648 0.5066589506172839 0.09684065934065934 0.06347608024691366
0 0.6349883241758242 0.6416921296296296 0.6661785714285714 0.6302627314814815 0.502092032967033 0.5792118055555555 0.42479464285714286 0.602832561728395 0.5007355769230769 0.6256909722222223 0.47090178571428576 0.6287388117283951 0.43835576923076924 0.6188333333333333 0.3597026098901099 0.6340725308641976 0.4600528846153846 0.6645505401234568 0.4939553571428571 0.6561689814814815 0.5698962912087913 0.6645505401234568 0.49937980769230766 0.6790277777777778 0.578032967032967 0.7019556327160494 0.7149979395604396 0.6752179783950617 0.6349883241758242 0.6416921296296296
0 0.6919443681318681 0.6089282407407408 0.765173076923077 0.5906412037037037 0.7339828296703297 0.5830216049382716 0.6678736263736264 0.5991188271604938 0.6919443681318681 0.6089282407407408
0 0.7461875 0.6234050925925926 0.7828021978021978 0.614261574074074 0.8261971153846154 0.6020706018518519 0.7814457417582418 0.5921651234567902 0.7390679945054945 0.6067364969135802 0.7461875 0.6234050925925926
0 0 0.45044212962962965 0.06271909340659342 0.45577584876543215 0.09390934065934066 0.4283452932098765 0.017968406593406594 0.4054868827160494 0 0.40868055555555555 0 0.45044212962962965
0 0.23901030219780223 0.3628175154320988 0.2946098901098901 0.3559598765432099 0.3027465659340659 0.33386342592592594 0.2457912087912088 0.339170524691358 0.23901030219780223 0.3628175154320988