1 0.22285666666666668 0.6446400000000001 0.4476183333333334 0.5874844444444445 0.46476166666666674 0.3398 0.42476166666666665 0.24834666666666666 0.12857166666666667 0.2526977777777778 0.15619 0.6179666666666667 0.22285666666666668 0.6446400000000001
1 0.8752383333333333 0.5201644444444444 0.9742850000000001 0.48968 0.9983333333333333 0.2928044444444444 0.9276183333333333 0.20389111111111113 0.7828566666666666 0.20135111111111112 0.72619 0.3019044444444444 0.7342850000000001 0.4934911111111111 0.8752383333333333 0.5201644444444444
0 0.64 0.5290555555555555 0.705715 0.5290555555555555 0.6952383333333333 0.48713999999999996 0.64 0.4680866666666667 0.6178566666666666 0.49079333333333336 0.64 0.5290555555555555
0 0.20095166666666667 0.7627666666666667 0.24285666666666667 0.7322822222222222 0.21333333333333335 0.7132311111111111 0.16666666666666666 0.7447622222222222 0.20095166666666667 0.7627666666666667
0 0.05238166666666667 0.7424444444444445 0.094285 0.7678488888888888 0.12381 0.7386333333333334 0.11619 0.697988888888889 0.07738166666666667 0.7019044444444446 0.07047666666666667 0.7348244444444444 0.05238166666666667 0.7424444444444445
0 0.5972666666666667 0.5274 0.28738333333333344 0.11764444444444444
0 0.07856666666666667 0.5999555555555556 0.14761666666666665 0.17068888888888883
0 0.3322666666666667 0.669 0.3145166666666667 0.10877777777777788
0 0.6081 0.4451555555555555 0.2447666666666667 0.08651111111111112
0 0.5527333333333333 0.4318222222222222 0.050716666666666584 0.03442222222222224
0 0.49511666666666665 0.5959777777777777 0.06881666666666661 0.051622222222222264
0 0.4204833333333333 0.6159777777777777 0.06951666666666663 0.05988888888888899
0 0.4123833333333333 0.6896222222222221 0.06285000000000002 0.05482222222222213