1 0.43017578125 0.35266341145833335 0.44580078125 0.5297929687499999 0.51220703125 0.5884016927083333 0.68212890625 0.5844947916666666 0.71044921875 0.3695950520833333 0.67138671875 0.2823326822916667 0.45849609375 0.2784251302083333 0.44091796875 0.3279173177083333 0.43017578125 0.35266341145833335
0 0.68212890625 0.5779824218749999 0.77490234375 0.5766803385416667 0.75537109375 0.5063489583333333 0.6982421875 0.5016276041666666 0.68212890625 0.5779824218749999
0 0.806884765625 0.5523372395833334 0.03173828125 0.03305989583333332
0 0.1949462890625 0.47631510416666667 0.021240234375 0.034016927083333336
0 0.11328125 0.46345703125 0.0263671875 0.01805989583333334
0 0.44189453125 0.5402122395833333 0.39892578125 0.5167688802083333 0.36669921875 0.503744140625 0.33935546875 0.4920227864583333 0.25634765625 0.528490234375 0.16552734375 0.5480266927083334 0.14697265625 0.5897044270833333 0.11376953125 0.57928515625 0.11181640625 0.6092408854166667 0.36279296875 0.7108294270833334 0.48681640625 0.7108294270833334 0.61572265625 0.701712890625 0.64501953125 0.6457083333333333 0.62158203125 0.6092408854166667 0.49755859375 0.5870996093749999 0.45556640625 0.5402122395833333 0.44189453125 0.5402122395833333
0 0.7679443359375 0.5982421875 0.019775390625 0.027207031249999975
0 0.09521484375 0.49324869791666665 0.009765625 0.015787760416666668
0 0.474771484375 0.7100423177083334 0.4856015625 0.7037623697916667 0.50679150390625 0.7043899739583334 0.510087890625 0.69057421875 0.48889794921875 0.6598014322916667 0.46723681640625 0.6604290364583333 0.4479306640625 0.6491250000000001 0.424857421875 0.6522649739583334 0.4461650390625 0.6939296875 0.4728876953125 0.6987382812499999 0.474771484375 0.7100423177083334
0 0.30854833984375 0.61646875 0.329267578125 0.6265169270833334 0.33491796875 0.6158404947916667 0.32408740234375 0.6013958333333334 0.34009765625 0.5869518229166667 0.344806640625 0.5429908854166666 0.315140625 0.5197545572916666 0.30619384765625 0.5304309895833333 0.2567509765625 0.5417350260416667 0.24309521484375 0.5360826822916667 0.17104931640625 0.5605755208333333 0.16068994140625 0.58318359375 0.149859375 0.613328125 0.203658203125 0.6327141927083334 0.30854833984375 0.61646875
0 0.4356875 0.631541015625 0.45452294921875 0.6114440104166666 0.4474599609375 0.61081640625 0.4474599609375 0.5951158854166666 0.4380419921875 0.576275390625 0.4027255859375 0.568111328125 0.3772978515625 0.5932317708333333 0.38082958984375 0.6115247395833333 0.4356875 0.631541015625