1 0.3921452991452991 0.6423104125736738 0.4214493284493284 0.26762082514734775 0.33109523809523805 0.10778978388998035 0.23341514041514042 0.10123772102161101 0.12433821733821733 0.2558310412573674 0.12413553113553114 0.6175500982318272 0.3921452991452991 0.6423104125736738
0 0.03072893772893773 0.6213477406679765 0.033984126984126985 0.6816129666011788 0.04782295482295482 0.7196051080550098 0.1292222222222222 0.718294695481336 0.16015506715506717 0.716984282907662 0.14061904761904762 0.6436188605108054 0.10276800976800977 0.6126385068762279 0.0584041514041514 0.5977662082514734 0.03072893772893773 0.6213477406679765
0 0.5923894993894994 0.4746168958742633 0.5923894993894994 0.4471041257367387 0.5311355311355311 0.43418467583497056 0.5427350427350427 0.46413555992141453 0.5923894993894994 0.4746168958742633
0 0.4816849816849817 0.48640864440078585 0.4784285714285715 0.4680667976424362 0.4548229548229548 0.468565815324165 0.4621489621489622 0.4955776031434185 0.4816849816849817 0.48640864440078585
0 0.5541306471306472 0.7353261296660119 0.45726495726495725 0.6973339882121807 0.37342246642246646 0.7206935166994106 0.4776153846153846 0.7484282907662082 0.5541306471306472 0.7353261296660119
0 0.3262112332112332 0.7313968565815324 0.31400122100122096 0.6370687622789784 0.17297557997557997 0.6404715127701375 0.22527472527472528 0.7418762278978389 0.3262112332112332 0.7313968565815324
0 0.37749328449328445 0.6789921414538311 0.41005250305250307 0.6698212180746562 0.38644688644688646 0.5257111984282907 0.28897069597069597 0.5635225933202358 0.3359792429792429 0.641 0.37749328449328445 0.6789921414538311
0 0.37749328449328445 0.7575992141453831 0.2749291819291819 0.7798703339882121 0.21306471306471306 0.8191728880157171 0.26963736263736265 0.8451218074656188 0.4019133089133089 0.8113123772102162 0.37749328449328445 0.7575992141453831
0 0.10968620268620269 0.8375147347740668 0.05352014652014652 0.8152436149312378 0.03154212454212454 0.8402102161100196 0.10724420024420024 0.8558565815324164 0.10968620268620269 0.8375147347740668
0 0.41656532356532355 0.6829233791748527 0.5272686202686203 0.716984282907662 0.5622710622710623 0.7340157170923378 0.5809926739926741 0.7248467583497054 0.5655274725274725 0.6934027504911592 0.5850634920634921 0.680302554027505 0.5752954822954822 0.6462396856581532 0.519942612942613 0.6265874263261296 0.49063858363858365 0.6069371316306483 0.40700000000000003 0.6159135559921415 0.41656532356532355 0.6829233791748527
0 0.20736630036630035 0.8113123772102162 0.2830683760683761 0.7759390962671905 0.21632112332112333 0.7405677799607073 0.18783028083028083 0.6632711198428292 0.14306105006105008 0.6462396856581532 0.16585225885225885 0.7051944990176817 0.040496947496947495 0.7353261296660119 0.16381807081807082 0.7960058939096266 0.20736630036630035 0.8113123772102162
0 0.5345946275946276 0.7837996070726916 0.5280830280830281 0.7641493123772102 0.5850634920634921 0.7523575638506876 0.5663406593406594 0.7340157170923378 0.5085470085470085 0.7444970530451867 0.49959340659340656 0.7665363457760314 0.5191294261294261 0.7837996070726916 0.5345946275946276 0.7837996070726916
0 0.5923894993894994 0.5912161100196464 0.6306471306471306 0.6056267190569745 0.6290195360195361 0.5715638506876227 0.5860805860805861 0.5651611001964636 0.5923894993894994 0.5912161100196464