1 0.9390625 0.6470110677083333 0.97578125 0.3279173177083333 0.9484375 0.209396484375 0.65546875 0.19246549479166666 0.590625 0.22242122395833333 0.65078125 0.24586458333333336 0.60390625 0.348755859375 0.628125 0.5844947916666666 0.6787109375 0.6220703125 0.85703125 0.7056197916666668 0.9390625 0.6470110677083333
1 0.36796875 0.17032421875 0.26015625 0.178138671875 0.2109375 0.2354453125 0.23515625 0.42950651041666665 0.2984375 0.389130859375 0.33984375 0.37089713541666663 0.41796875 0.4332682291666667 0.42734375 0.22372330729166667 0.36796875 0.17032421875
0 0.29921875 0.5011393229166666 0.35390625 0.5506315104166667 0.43203125 0.5975188802083333 0.50625 0.627474609375 0.60546875 0.6652447916666667 0.72421875 0.6756640625 0.71171875 0.6170553385416667 0.6296875 0.57928515625 0.62109375 0.45685742187499995 0.43046875 0.39564322916666667 0.42109375 0.4425305989583333 0.34453125 0.37089713541666663 0.228515625 0.4300130208333333 0.24609375 0.48160351562500003 0.29921875 0.5011393229166666
0 0.64560546875 0.71251953125 0.0666015625 0.07998046874999994
0 0.50751953125 0.6697005208333334 0.0365234375 0.030156250000000034
0 0.40458984375 0.6024739583333333 0.0376953125 0.04218749999999997
0 0.33486328125 0.5941731770833333 0.0349609375 0.03534505208333331
0 0.98583984375 0.6962369791666667 0.0283203125 0.08649088541666661
0 0.76171875 0.30914713541666666 0.2578125 0.1391276041666667
0 0.326466015625 0.5213717447916667 0.363152734375 0.5120813802083334 0.36222421875 0.47646875 0.3190359375 0.45943684895833337 0.301853515625 0.47259765625 0.302433984375 0.4965104166666667 0.326466015625 0.5213717447916667
0 0.41795078124999996 0.4857591145833333 0.43977734375 0.49272656249999996 0.4388484375 0.47182356770833334 0.424916796875 0.46098502604166663 0.41655781249999996 0.45633984375 0.40866289062499994 0.4752259114583333 0.41795078124999996 0.4857591145833333
0 0.391944921875 0.49969401041666667 0.41237812500000004 0.5198229166666667 0.43791953125000005 0.5167265625 0.438383984375 0.4896295572916667 0.407501953125 0.4810305989583334 0.397053515625 0.4710494791666667 0.391944921875 0.49969401041666667
0 0.531262109375 0.559306640625 0.5586609375 0.5624029947916667 0.57537890625 0.50511328125 0.574450390625 0.47569466145833333 0.550301953125 0.466404296875 0.530565234375 0.5090872395833334 0.531262109375 0.559306640625
0 0.46764062500000003 0.559306640625 0.491324609375 0.532984375 0.49689726562500003 0.5159518229166666 0.49225312499999996 0.5082102864583333 0.480179296875 0.5074361979166667 0.46856953125 0.5105325520833334 0.45974609375000003 0.5120813802083334 0.450458203125 0.5313391927083333 0.46764062500000003 0.559306640625
0 0.572128125 0.5306614583333333 0.5809515625 0.543048828125 0.60184921875 0.5298873697916667 0.609279296875 0.52911328125 0.6139234375 0.49427473958333334 0.593490234375 0.4795657552083334 0.578165234375 0.4781282552083333 0.572128125 0.5306614583333333