1 0.6507352941176471 0.5019920343137255 0.7095588235294118 0.4529595588235294 0.7487745098039216 0.3316044730392157 0.6654411764705882 0.2752172181372549 0.5314542483660131 0.2752172181372549 0.43995098039215685 0.3230235906862745 0.43504901960784315 0.33425245098039214 0.45955882352941174 0.4554111519607843 0.6507352941176471 0.5019920343137255
0 0.36642156862745096 0.5350888480392156 0.47263071895424835 0.5473468137254902 0.4838075992647059 0.550863069240196 0.43504901960784315 0.3955269607843137 0.3860294117647059 0.3990238970588235 0.36968954248366015 0.4725726102941177 0.27328431372549017 0.525282475490196 0.36642156862745096 0.5350888480392156
0 0.6540032679738562 0.500766237745098 0.46772875816993464 0.4603143382352941 0.5102124183006536 0.6172181372549019 0.7651143790849673 0.4909595588235294 0.8059640522875817 0.4664433210784314 0.9775326797385621 0.4529595588235294 0.9775326797385621 0.43212071078431374 0.7209967320261438 0.41237745098039214 0.6540032679738562 0.500766237745098
0 0.3508986928104575 0.6895986519607843 0.09313725490196079 0.11020526960784315
0 0.1301062091503268 0.9014828431372549 0.1621732026143791 0.07134497549019604
0 0.8558006535947712 0.5270435049019607 0.04084967320261438 0.045508578431372536
0 0.5690359477124183 0.2678621323529412 0.5363562091503268 0.2507009803921569 0.48080065359477125 0.2825719975490196 0.4170751633986928 0.2801204044117647 0.4056372549019608 0.32179779411764703 0.4309640522875817 0.3327205882352941 0.5690359477124183 0.2678621323529412
0 0.5869170751633986 0.5557717524509804 0.6073570261437908 0.5568670343137255 0.6302303921568628 0.5327708333333333 0.6000571895424837 0.5210876225490196 0.5590555555555555 0.5302512254901961 0.5869170751633986 0.5557717524509804
0 0.3211985294117647 0.5079445465686274 0.28664542483660127 0.5247386642156863 0.2910253267973856 0.5338661151960784 0.3323917483660131 0.5345962009803922 0.34845179738562093 0.5247386642156863 0.3351899509803921 0.5106326593137255 0.3211985294117647 0.5079445465686274
0 0.3513717320261438 0.5316755514705882 0.42534477124183 0.5408026960784313 0.4613578431372549 0.5408026960784313 0.48277124183006537 0.5079445465686274 0.46963112745098035 0.4926106004901961 0.44529779411764703 0.484578431372549 0.4355645424836601 0.4780067401960784 0.39273815359477127 0.4783719362745098 0.39127818627450983 0.48275306372549015 0.3747316176470588 0.48275306372549015 0.35429166666666667 0.49078492647058825 0.33823161764705884 0.5097199754901961 0.3513717320261438 0.5316755514705882
0 0.6531037581699346 0.5156115196078431 0.6613770424836601 0.5218180147058823 0.7066368464052287 0.5196274509803922 0.7100433006535948 0.5108651960784314 0.6998235294117646 0.5039283088235293 0.6667299836601307 0.5053887867647059 0.6612553104575163 0.5110888480392157 0.6531037581699346 0.5156115196078431
0 0.5299775326797386 0.595201593137255 0.547984068627451 0.6010431985294118 0.5825371732026143 0.5791375612745098 0.5543108660130719 0.5776773897058823 0.5365473856209151 0.5868259803921569 0.5299775326797386 0.595201593137255
0 0.5090510620915032 0.5776773897058823 0.5144044117647059 0.5831537990196078 0.5358174019607843 0.5846139705882353 0.561124183006536 0.5769469975490196 0.5562573529411765 0.5670894607843138 0.5262058823529412 0.5644699754901961 0.5090510620915032 0.5776773897058823
0 0.7874227941176472 0.47873682598039213 0.7922896241830065 0.46449816176470593 0.757249591503268 0.4663238357843137 0.7543296568627451 0.4745891544117647 0.7874227941176472 0.47873682598039213
0 0.740703022875817 0.43017953431372546 0.7100433006535948 0.43565594362745097 0.7066368464052287 0.45025949754901956 0.7202630718954248 0.4542757352941177 0.7192900326797386 0.4655934436274509 0.7324297385620915 0.4677840073529412 0.7591964869281046 0.45542647058823527 0.7557896241830065 0.43711611519607846 0.740703022875817 0.43017953431372546