1 0.4388020833333333 0.46385820312500003 0.5455729166666666 0.47167265625 0.5611979166666666 0.506056640625 0.7877604166666666 0.5091824218750001 0.8138020833333334 0.373209375 0.7330729166666666 0.3075671875 0.5377604166666666 0.299752734375 0.4361979166666667 0.36171875 0.4388020833333333 0.46385820312500003
0 0.326951171875 0.4315875 0.2799010416666667 0.44256835937499994 0.23895052083333335 0.444137109375 0.23285156250000003 0.45616406249999997 0.19799999999999998 0.4514578125 0.1631484375 0.451980859375 0.1631484375 0.47394296875 0.1945149739583333 0.47080546874999996 0.23023763020833332 0.47342031249999994 0.27118815104166666 0.49224492187499996 0.2842578125 0.484401171875 0.3870696614583333 0.49015312499999997 0.3922975260416666 0.514730078125 0.5282180989583333 0.524665234375 0.5578424479166667 0.513161328125 0.546515625 0.47185156250000004 0.4487135416666667 0.46605195312500003 0.34960416666666666 0.45093515625 0.326951171875 0.4315875
0 0.6737233072916666 0.517867578125 0.6658821614583333 0.510546875 0.5837630208333333 0.5078738281249999 0.5892083333333333 0.5288484375 0.6737233072916666 0.517867578125
0 0.5007545572916666 0.46724257812500003 0.47412434895833333 0.47288359375000005 0.464203125 0.481658203125 0.46576953125000004 0.516443359375 0.498666015625 0.519576953125 0.545138671875 0.521770703125 0.5435716145833334 0.481658203125 0.5241210937499999 0.46963359374999997 0.5007545572916666 0.46724257812500003
0 0.43182877604166664 0.5167566406249999 0.4647252604166667 0.517383203125 0.4668138020833333 0.47789765624999997 0.44971289062500003 0.47002539062500004 0.426607421875 0.479464453125 0.43182877604166664 0.5167566406249999
0 0.27256901041666665 0.456587890625 0.345671875 0.45533437499999996 0.333662109375 0.44561953125000003 0.3226966145833333 0.43308437499999997 0.27152473958333334 0.44691953125 0.27256901041666665 0.456587890625
0 0.402587890625 0.509548828125 0.4307845052083333 0.51362265625 0.4302623697916667 0.49795390624999997 0.40937630208333337 0.49513359375 0.3942330729166667 0.498613671875 0.402587890625 0.509548828125
0 0.19685546875 0.452200390625 0.19476692708333332 0.4559609375 0.16709244791666666 0.45470742187499996 0.16813671875 0.46724257812500003 0.19215625 0.46692929687499996 0.22296354166666665 0.47288359375000005 0.24228385416666667 0.4681828125 0.23967317708333333 0.45909492187499995 0.23170963541666667 0.455926953125 0.19685546875 0.452200390625
0 0.3477604166666666 0.47664414062500005 0.34306119791666667 0.48667226562500004 0.35924804687499995 0.487612109375 0.390578125 0.48667226562500004 0.3843118489583333 0.4782109375 0.36760286458333336 0.47288359375000005 0.35180729166666663 0.47864101562499994 0.3477604166666666 0.47664414062500005
0 0.26734765625 0.45470742187499996 0.27361328125 0.44718632812500003 0.24698307291666666 0.44405234374999997 0.23497330729166666 0.45083554687499994 0.26734765625 0.45470742187499996
0 0.26734765625 0.4738234375 0.27204687499999997 0.48385156250000005 0.309642578125 0.48667226562500004 0.3362734375 0.48573203125 0.33105143229166667 0.479464453125 0.29397786458333336 0.46880937500000003 0.2747884114583333 0.46963359374999997 0.26734765625 0.4738234375