0 0.35579963235294115 0.4033169934640523 0.41339767156862745 0.11963507625272336
0 0.4338235294117647 0.6925816993464052 0.2017984068627451 0.24427015250544662
0 0.6690165441176471 0.7319716775599129 0.2820680147058824 0.08703703703703713
0 0.7360079656862745 0.6598856209150327 0.13827512254901958 0.09173747276688445
1 0.5988572303921569 0.5821786492374729 0.13970588235294118 0.22681372549019604
1 0.04207414215686275 0.37661764705882356 0.02287683823529412 0.019035947712418327
1 0.06934129901960785 0.3882407407407407 0.014093137254901961 0.027750544662309393
1 0.13807291666666668 0.40022331154684093 0.01878982843137256 0.015408496732026124
1 0.1695251225490196 0.3562854030501089 0.024509803921568627 0.03645969498910678
1 0.2998376225490196 0.3679030501089325 0.015523897058823552 0.030653594771241816
1 0.7305974264705882 0.7165359477124182 0.023284313725490197 0.0597930283224402
1 0.6051868872549019 0.763562091503268 0.03390625000000002 0.04128540305010903
1 0.4213633578431372 0.43454248366013076 0.03390625000000002 0.03684095860566454
1 0.4569025735294117 0.6132189542483659 0.08864276960784312 0.07465686274509813