1 0.22654867256637168 0.36786188579017265 0.23185840707964603 0.41434262948207173 0.2424778761061947 0.43824701195219123 0.26194690265486725 0.4448871181938911 0.26371681415929205 0.4648074369189907 0.29557522123893804 0.46879150066401065 0.32035398230088497 0.4820717131474104 0.4 0.48339973439575035 0.4194690265486726 0.4714475431606906 0.415929203539823 0.4634794156706507 0.431858407079646 0.4634794156706507 0.47079646017699117 0.448871181938911 0.5061946902654867 0.46215139442231074 0.5557522123893806 0.4555112881806109 0.5823008849557522 0.44621513944223107 0.5893805309734513 0.4262948207171315 0.5946902654867257 0.32669322709163345 0.6035398230088496 0.3054448871181939 0.5504424778761062 0.23638778220451528 0.20707964601769913 0.250996015936255 0.2088495575221239 0.30677290836653387 0.22654867256637168 0.36786188579017265
0 0.06548672566371681 0.5763612217795485 0.13097345132743363 0.5790172642762285 0.1504424778761062 0.5697211155378487 0.16991150442477876 0.5683930942895087 0.18230088495575222 0.5697211155378487 0.1929203539823009 0.5803452855245684 0.2247787610619469 0.5776892430278885 0.23893805309734514 0.5843293492695883 0.2867256637168142 0.5790172642762285 0.2884955752212389 0.5683930942895087 0.3008849557522124 0.5697211155378487 0.30619469026548674 0.5577689243027888 0.3805309734513274 0.5577689243027888 0.39469026548672564 0.5644090305444888 0.41061946902654867 0.549800796812749 0.4920353982300885 0.5205843293492696 0.5150442477876106 0.5192563081009296 0.5238938053097345 0.549800796812749 0.5327433628318584 0.5590969455511288 0.5628318584070796 0.5657370517928287 0.6 0.5604249667994687 0.6371681415929203 0.5444887118193891 0.6690265486725664 0.5444887118193891 0.672566371681416 0.5391766268260292 0.7309734513274336 0.5351925630810093 0.768141592920354 0.5258964143426295 0.8123893805309734 0.5444887118193891 0.879646017699115 0.545816733067729 0.8902654867256637 0.5391766268260292 0.9185840707964602 0.5391766268260292 0.9539823008849557 0.5537848605577689 0.9539823008849557 0.5763612217795485 0.9964601769911504 0.5816733067729084 0.9982300884955753 0.4435590969455511 0.9663716814159292 0.42895086321381143 0.9061946902654867 0.43691899070385126 0.8743362831858407 0.42762284196547146 0.8460176991150442 0.4262948207171315 0.8389380530973451 0.4302788844621514 0.4814159292035398 0.4541832669322709 0.4654867256637168 0.45152722443559096 0.4088495575221239 0.48871181938911024 0.3929203539823009 0.49269588313413015 0.3734513274336283 0.4860557768924303 0.36460176991150445 0.49269588313413015 0.3486725663716814 0.4940239043824701 0.3486725663716814 0.49933598937583 0.3292035398230089 0.50066401062417 0.30442477876106194 0.5126162018592297 0.2920353982300885 0.5099601593625498 0.2920353982300885 0.5245683930942895 0.2831858407079646 0.5272244355909694 0.2672566371681416 0.5219123505976095 0.25486725663716814 0.5325365205843293 0.22654867256637168 0.5325365205843293 0.215929203539823 0.5166002656042497 0.1911504424778761 0.5152722443559097 0.18584070796460178 0.5205843293492696 0.04601769911504425 0.5325365205843293 0.04247787610619469 0.5670650730411687 0.06548672566371681 0.5763612217795485
0 0.5451327433628319 0.650730411686587 0.6017699115044248 0.6520584329349269 0.6141592920353982 0.6733067729083665 0.6247787610619469 0.6786188579017264 0.6230088495575221 0.702523240371846 0.6424778761061947 0.7197875166002656 0.6867256637168142 0.7264276228419655 0.7451327433628319 0.7224435590969456 0.7699115044247787 0.7118193891102258 0.8 0.6826029216467463 0.7946902654867256 0.6547144754316069 0.7415929203539823 0.6334661354581673 0.695575221238938 0.6334661354581673 0.7008849557522124 0.6095617529880478 0.6920353982300885 0.601593625498008 0.672566371681416 0.6069057104913679 0.6566371681415929 0.6268260292164675 0.6300884955752213 0.6281540504648074 0.6212389380530974 0.6228419654714475 0.5893805309734513 0.6201859229747676 0.5805309734513274 0.6294820717131474 0.5433628318584071 0.6374501992031872 0.5380530973451327 0.646746347941567 0.5451327433628319 0.650730411686587
0 0.26571681415929205 0.6886852589641435 0.09336283185840707 0.06861885790172645
0 0.42345132743362834 0.7452988047808765 0.06814159292035399 0.0590039840637451
0 0.620353982300885 0.8218459495351926 0.13451327433628318 0.1290836653386455
0 0.8451327433628318 0.7680478087649403 0.07079646017699115 0.048047808764940324
0 0.10353982300884956 0.9056839309428951 0.0920353982300885 0.09423638778220457
0 0.4336283185840708 0.7961088977423639 0.07964601769911504 0.04772908366533872
0 0.38849557522123895 0.589070385126162 0.11327433628318584 0.055312084993359864
0 0.6495575221238938 0.5728021248339973 0.08672566371681416 0.029402390438246995
0 0.11504424778761062 0.6520584329349269 0.12212389380530973 0.6640106241699867 0.1592920353982301 0.6666666666666666 0.20353982300884957 0.6374501992031872 0.2088495575221239 0.6201859229747676 0.24424778761061947 0.6188579017264276 0.24955752212389382 0.6095617529880478 0.23539823008849559 0.5922974767596282 0.2176991150442478 0.5909694555112882 0.184070796460177 0.6042496679946879 0.1663716814159292 0.6268260292164675 0.14690265486725665 0.6308100929614874 0.1256637168141593 0.6268260292164675 0.12035398230088495 0.6228419654714475 0.12743362831858407 0.6108897742363878 0.12212389380530973 0.6069057104913679 0.10973451327433628 0.6069057104913679 0.08672566371681416 0.6188579017264276 0.09380530973451327 0.6387782204515272 0.11504424778761062 0.6520584329349269