1 0.4262154947916667 0.51025634765625 0.478298828125 0.5662607421875 0.6519095052083334 0.56886572265625 0.6848958333333334 0.41648193359375 0.6953125 0.3852236328125 0.5824654947916666 0.34745361328125 0.48524283854166667 0.35526806640625 0.412326171875 0.392578125 0.4262154947916667 0.51025634765625
0 0.5078125 0.53890966796875 0.4331595052083333 0.5415146484375 0.3862845052083333 0.593611328125 0.48524283854166667 0.618357421875 0.5008678385416666 0.6404990234375 0.5928821614583334 0.6235673828125 0.5616321614583334 0.5988212890625 0.5598958333333334 0.56998681640625 0.5078125 0.53890966796875
0 0.228298828125 0.6144501953125 0.2526041666666667 0.63007958984375 0.30815950520833335 0.61054296875 0.30815950520833335 0.59230908203125 0.25824674479166665 0.58951806640625 0.2335071614583333 0.5949140625 0.228298828125 0.6144501953125
0 0.2352428385416667 0.57147021484375 0.193576171875 0.53630517578125 0.15885416666666666 0.54281689453125 0.154080078125 0.56510400390625 0.1953125 0.5831923828125 0.2352428385416667 0.57147021484375
0 0.37470247395833334 0.60415478515625 0.375400390625 0.59472802734375 0.34730208333333334 0.59045703125 0.34328776041666664 0.6004892578125 0.37470247395833334 0.60415478515625
0 0.22670638020833334 0.56749560546875 0.295119140625 0.5748271484375 0.31047721354166663 0.55387890625 0.31885481770833335 0.53816796875 0.27696875 0.52402783203125 0.25742252604166665 0.51302978515625 0.217630859375 0.51093505859375 0.19180143229166668 0.52193310546875 0.19110351562500003 0.53024609375 0.22670638020833334 0.56749560546875
0 0.3635325520833333 0.53554931640625 0.3977389322916667 0.52821728515625 0.390060546875 0.4983662109375 0.3991354166666667 0.5177431640625 0.4144934895833334 0.527169921875 0.42496484375 0.51669580078125 0.416587890625 0.496271484375 0.401927734375 0.48841552734375 0.3879661458333334 0.4983662109375 0.3726080729166667 0.48632080078125 0.32653385416666664 0.4947001953125 0.32025065104166667 0.5106123046875 0.3635325520833333 0.53554931640625
0 0.3998333333333333 0.5627822265625 0.42077669270833334 0.55230810546875 0.4144934895833334 0.54288134765625 0.38587174479166664 0.53816796875 0.3726080729166667 0.55315234375 0.3998333333333333 0.5627822265625
0 0.831255859375 0.4800361328125 0.8780279947916667 0.47898876953125 0.8787265624999999 0.470609375 0.8516751302083333 0.4647998046875 0.8319537760416668 0.4721806640625 0.831255859375 0.4800361328125
0 0.6525436197916666 0.5612109375 0.671392578125 0.56749560546875 0.683259765625 0.56173486328125 0.6720904947916666 0.550212890625 0.6509733072916667 0.5413720703125 0.6525436197916666 0.5612109375
0 0.3118587239583333 0.543306640625 0.35596028645833333 0.53306640625 0.3150091145833333 0.5117978515625 0.2677578125 0.5160244140625 0.3118587239583333 0.543306640625
0 0.39061132812500005 0.5866318359375 0.4084615885416667 0.57008935546875 0.3748606770833333 0.5543349609375 0.34545963541666663 0.53858056640625 0.3181595052083333 0.54409423828125 0.2966334635416667 0.57410400390625 0.3423098958333333 0.582693359375 0.39061132812500005 0.5866318359375
0 0.30765885416666666 0.59608447265625 0.32445963541666667 0.59608447265625 0.32445963541666667 0.5842685546875 0.2929583333333333 0.573240234375 0.2562076822916667 0.57245263671875 0.2598821614583333 0.5839482421875 0.30765885416666666 0.59608447265625