1 0.2633333333333333 0.28415300546448086 0.25333333333333335 0.31693989071038253 0.26666666666666666 0.48360655737704916 0.2866666666666667 0.6092896174863388 0.2966666666666667 0.6065573770491803 0.315 0.5628415300546448 0.31166666666666665 0.546448087431694 0.3283333333333333 0.5136612021857924 0.35833333333333334 0.4972677595628415 0.4 0.5027322404371585 0.4116666666666667 0.5273224043715847 0.43 0.5109289617486339 0.45166666666666666 0.5081967213114754 0.4533333333333333 0.5273224043715847 0.48333333333333334 0.5792349726775956 0.49166666666666664 0.5655737704918032 0.52 0.5683060109289617 0.54 0.5519125683060109 0.5433333333333333 0.5109289617486339 0.56 0.4890710382513661 0.58 0.5109289617486339 0.5916666666666667 0.48360655737704916 0.59 0.319672131147541 0.5983333333333334 0.23497267759562843 0.5783333333333334 0.16120218579234974 0.265 0.16939890710382513 0.255 0.20491803278688525 0.25166666666666665 0.2540983606557377 0.2633333333333333 0.28415300546448086
0 0.21333333333333335 0.4371584699453552 0.22333333333333333 0.5 0.265 0.4890710382513661 0.25833333333333336 0.38524590163934425 0.21333333333333335 0.412568306010929 0.20666666666666667 0.43169398907103823 0.21333333333333335 0.4371584699453552
0 0.24833333333333332 0.3087431693989071 0.25833333333333336 0.28688524590163933 0.25166666666666665 0.1994535519125683 0.235 0.16939890710382513 0.21166666666666667 0.20218579234972678 0.215 0.3005464480874317 0.24833333333333332 0.3087431693989071
0 0.3 0.3469945355191257 0.31166666666666665 0.34972677595628415 0.3383333333333333 0.2677595628415301 0.2683333333333333 0.27049180327868855 0.2683333333333333 0.2978142076502732 0.3 0.3469945355191257
0 0.4083333333333333 0.5218579234972678 0.42833333333333334 0.5163934426229508 0.455 0.5355191256830601 0.4766666666666667 0.5300546448087432 0.4816666666666667 0.5027322404371585 0.5516666666666666 0.4371584699453552 0.555 0.3879781420765027 0.55 0.3524590163934426 0.52 0.31420765027322406 0.535 0.28415300546448086 0.5583333333333333 0.27049180327868855 0.5566666666666666 0.26229508196721313 0.525 0.2540983606557377 0.47 0.28415300546448086 0.44166666666666665 0.28688524590163933 0.4166666666666667 0.36885245901639346 0.4066666666666667 0.4344262295081967 0.4033333333333333 0.5136612021857924 0.4083333333333333 0.5218579234972678
0 0.20166666666666666 0.6639344262295082 0.205 0.6912568306010929 0.185 0.7240437158469946 0.17 0.7185792349726776 0.13833333333333334 0.7349726775956285 0.11166666666666666 0.7786885245901639 0.115 0.7868852459016393 0.15 0.7923497267759563 0.265 0.7377049180327869 0.2783333333333333 0.7049180327868853 0.275 0.6530054644808743 0.24166666666666667 0.6311475409836066 0.22666666666666666 0.6366120218579235 0.21666666666666667 0.6147540983606558 0.20833333333333334 0.6147540983606558 0.21333333333333335 0.639344262295082 0.20166666666666666 0.6639344262295082
0 0.47 0.7704918032786885 0.49333333333333335 0.7622950819672131 0.5283333333333333 0.7841530054644809 0.555 0.7841530054644809 0.58 0.7704918032786885 0.5766666666666667 0.726775956284153 0.5666666666666667 0.7103825136612022 0.48833333333333334 0.6912568306010929 0.46 0.6994535519125683 0.455 0.7459016393442623 0.47 0.7704918032786885
0 0.29833333333333334 0.639344262295082 0.37833333333333335 0.6639344262295082 0.39 0.7103825136612022 0.42 0.7404371584699454 0.43833333333333335 0.7349726775956285 0.4816666666666667 0.6092896174863388 0.4683333333333333 0.5546448087431693 0.4483333333333333 0.5273224043715847 0.43166666666666664 0.5163934426229508 0.4116666666666667 0.5300546448087432 0.37166666666666665 0.5 0.33166666666666667 0.5081967213114754 0.32 0.5628415300546448 0.3016666666666667 0.6010928961748634 0.295 0.6284153005464481 0.29833333333333334 0.639344262295082
0 0.2916666666666667 0.7404371584699454 0.3 0.7622950819672131 0.2783333333333333 0.8306010928961749 0.3883333333333333 0.8142076502732241 0.4066666666666667 0.7622950819672131 0.38166666666666665 0.6857923497267759 0.38333333333333336 0.6420765027322405 0.36833333333333335 0.6229508196721312 0.3283333333333333 0.644808743169399 0.30333333333333334 0.7049180327868853 0.2733333333333333 0.726775956284153 0.275 0.7459016393442623 0.2916666666666667 0.7404371584699454
0 0.27666666666666667 0.6557377049180327 0.28833333333333333 0.7049180327868853 0.31333333333333335 0.6885245901639344 0.31833333333333336 0.6639344262295082 0.2966666666666667 0.6420765027322405 0.29333333333333333 0.6174863387978142 0.26666666666666666 0.6202185792349727 0.2633333333333333 0.6420765027322405 0.27666666666666667 0.6557377049180327
0 0.4633333333333333 0.7513661202185792 0.5166666666666667 0.7786885245901639 0.55 0.7841530054644809 0.575 0.7759562841530054 0.5833333333333334 0.7459016393442623 0.6 0.7540983606557377 0.6116666666666667 0.7814207650273224 0.625 0.7923497267759563 0.6583333333333333 0.8005464480874317 0.6766666666666666 0.7896174863387978 0.695 0.7240437158469946 0.7233333333333334 0.7021857923497268 0.745 0.7213114754098361 0.7533333333333333 0.7431693989071039 0.825 0.7213114754098361 0.865 0.73224043715847 0.88 0.7295081967213115 0.8716666666666667 0.6939890710382514 0.92 0.6775956284153005 0.9216666666666666 0.6666666666666666 0.92 0.6530054644808743 0.8866666666666667 0.6065573770491803 0.8566666666666667 0.5819672131147541 0.8333333333333334 0.587431693989071 0.8083333333333333 0.5737704918032787 0.7466666666666667 0.587431693989071 0.715 0.5437158469945356 0.7183333333333334 0.5273224043715847 0.7116666666666667 0.5136612021857924 0.6733333333333333 0.505464480874317 0.6633333333333333 0.5163934426229508 0.665 0.5382513661202186 0.6533333333333333 0.5546448087431693 0.63 0.5437158469945356 0.615 0.5136612021857924 0.595 0.5136612021857924 0.5783333333333334 0.5218579234972678 0.56 0.5601092896174863 0.53 0.5628415300546448 0.51 0.5901639344262295 0.5166666666666667 0.6284153005464481 0.5033333333333333 0.6939890710382514 0.4666666666666667 0.6994535519125683 0.47 0.7295081967213115 0.4633333333333333 0.7513661202185792
0 0.5766666666666667 0.6666666666666666 0.5716666666666667 0.6994535519125683 0.5833333333333334 0.7349726775956285 0.625 0.7923497267759563 0.6733333333333333 0.7950819672131147 0.6883333333333334 0.7486338797814208 0.6866666666666666 0.6994535519125683 0.6683333333333333 0.680327868852459 0.6333333333333333 0.6147540983606558 0.5766666666666667 0.587431693989071 0.5533333333333333 0.587431693989071 0.5566666666666666 0.6284153005464481 0.5766666666666667 0.6666666666666666
0 0.8983333333333333 0.674863387978142 0.9033333333333333 0.680327868852459 0.9266666666666666 0.6666666666666666 0.9666666666666667 0.6721311475409836 0.9983333333333333 0.6475409836065574 0.9983333333333333 0.6092896174863388 0.915 0.5819672131147541 0.8966666666666666 0.592896174863388 0.86 0.5683060109289617 0.8966666666666666 0.6229508196721312 0.8983333333333333 0.674863387978142
0 0.8616666666666667 0.6857923497267759 0.9216666666666666 0.6721311475409836 0.9 0.6256830601092896 0.8566666666666667 0.5819672131147541 0.8166666666666667 0.592896174863388 0.82 0.6366120218579235 0.8616666666666667 0.6857923497267759
0 0.05686666666666666 0.7326775956284154 0.023533333333333337 0.05680327868852449
0 0.4184333333333333 0.7529234972677595 0.025099999999999956 0.039453551912568455