1 0.285 0.3333333333333333 0.2783333333333333 0.38 0.2833333333333333 0.3933333333333333 0.2816666666666667 0.44 0.30333333333333334 0.5288888888888889 0.33666666666666667 0.5888888888888889 0.3466666666666667 0.5933333333333334 0.4216666666666667 0.5711111111111111 0.47333333333333333 0.5688888888888889 0.5416666666666666 0.5488888888888889 0.5533333333333333 0.52 0.56 0.39555555555555555 0.5716666666666667 0.3488888888888889 0.55 0.23777777777777778 0.2783333333333333 0.24 0.275 0.31555555555555553 0.285 0.3333333333333333
1 0.5583333333333333 0.46444444444444444 0.5716666666666667 0.49333333333333335 0.6083333333333333 0.5 0.6366666666666667 0.5155555555555555 0.7 0.5177777777777778 0.7566666666666667 0.49777777777777776 0.78 0.4688888888888889 0.8066666666666666 0.3088888888888889 0.765 0.22444444444444445 0.5916666666666667 0.23777777777777778 0.5616666666666666 0.28444444444444444 0.5733333333333334 0.3422222222222222 0.5583333333333333 0.46444444444444444
1 0.048933333333333336 0.1670222222222222 0.09071666666666668 0.11437777777777777
0 0.26 0.44666666666666666 0.2816666666666667 0.44222222222222224 0.28 0.3688888888888889 0.25166666666666665 0.4111111111111111 0.25 0.4311111111111111 0.26 0.44666666666666666
0 0.17333333333333334 0.7244444444444444 0.17166666666666666 0.74 0.185 0.74 0.21833333333333332 0.7733333333333333 0.22166666666666668 0.7822222222222223 0.20833333333333334 0.7977777777777778 0.21333333333333335 0.8222222222222222 0.24 0.84 0.29 0.8133333333333334 0.295 0.82 0.3566666666666667 0.8133333333333334 0.43333333333333335 0.7555555555555555 0.44 0.7311111111111112 0.45 0.7266666666666667 0.455 0.7 0.49333333333333335 0.7088888888888889 0.5033333333333333 0.6933333333333334 0.5 0.6777777777777778 0.475 0.6733333333333333 0.4633333333333333 0.6577777777777778 0.465 0.6111111111111112 0.48333333333333334 0.6044444444444445 0.47833333333333333 0.5911111111111111 0.4683333333333333 0.58 0.435 0.5755555555555556 0.3983333333333333 0.5911111111111111 0.3616666666666667 0.5933333333333334 0.345 0.6044444444444445 0.335 0.6133333333333333 0.335 0.6288888888888889 0.31333333333333335 0.6755555555555556 0.2833333333333333 0.6533333333333333 0.2833333333333333 0.6266666666666667 0.25 0.6533333333333333 0.24 0.6511111111111111 0.175 0.6844444444444444 0.16 0.7044444444444444 0.17333333333333334 0.7244444444444444
0 0.4683333333333333 0.6444444444444445 0.5633333333333334 0.6911111111111111 0.5716666666666667 0.6888888888888889 0.6083333333333333 0.6377777777777778 0.6283333333333333 0.6422222222222222 0.65 0.6333333333333333 0.6216666666666667 0.6133333333333333 0.62 0.58 0.6133333333333333 0.5777777777777777 0.595 0.5844444444444444 0.5583333333333333 0.5777777777777777 0.5366666666666666 0.5955555555555555 0.5133333333333333 0.5866666666666667 0.49833333333333335 0.5933333333333334 0.48333333333333334 0.6333333333333333 0.4683333333333333 0.6444444444444445
0 0.5733333333333334 0.5177777777777778 0.56 0.5533333333333333 0.585 0.5777777777777777 0.6416666666666667 0.56 0.685 0.5644444444444444 0.7066666666666667 0.5466666666666666 0.7 0.5222222222222223 0.6733333333333333 0.5155555555555555 0.635 0.52 0.61 0.5044444444444445 0.5633333333333334 0.49777777777777776 0.56 0.5088888888888888 0.5733333333333334 0.5177777777777778
0 0.6966666666666667 0.5911111111111111 0.7583333333333333 0.6066666666666667 0.7666666666666667 0.6222222222222222 0.7816666666666666 0.6288888888888889 0.81 0.6244444444444445 0.8033333333333333 0.6066666666666667 0.8166666666666667 0.58 0.84 0.58 0.8833333333333333 0.6 0.9033333333333333 0.5866666666666667 0.91 0.5711111111111111 0.895 0.5533333333333333 0.8466666666666667 0.5311111111111111 0.7083333333333334 0.5444444444444444 0.6733333333333333 0.5622222222222222 0.6966666666666667 0.5911111111111111
0 0.8399364783333333 0.6605162333333333 0.875 0.6822222222222222 0.885 0.6755555555555556 0.875 0.6422222222222222 0.8399364783333333 0.6605162333333333
0 0.22 0.7577777777777778 0.2633333333333333 0.7466666666666667 0.2733333333333333 0.7088888888888889 0.255 0.6977777777777778 0.25166666666666665 0.68 0.24166666666666667 0.6755555555555556 0.21666666666666667 0.68 0.19666666666666666 0.7066666666666667 0.20333333333333334 0.74 0.22 0.7577777777777778
0 0.5366666666666666 0.6822222222222222 0.5616666666666666 0.6844444444444444 0.5716666666666667 0.6711111111111111 0.5516666666666666 0.6244444444444445 0.49666666666666665 0.6177777777777778 0.4716666666666667 0.64 0.47333333333333333 0.6488888888888888 0.5366666666666666 0.6822222222222222
0 0.1919 0.6512222222222223 0.031433333333333306 0.03513333333333321
0 0.08511666666666667 0.6708888888888889 0.020233333333333336 0.02368888888888882
0 0.07916666666666666 0.954911111111111 0.032149999999999984 0.02979999999999993