1 0.26 0 0.235 0.03254437869822485 0.24666666666666667 0.07396449704142012 0.235 0.20414201183431951 0.24333333333333335 0.22485207100591717 0.24333333333333335 0.2781065088757396 0.27666666666666667 0.5236686390532544 0.28074 0.5984792899408284 0.32963 0.5945355029585799 0.37166666666666665 0.5532544378698225 0.4225 0.5295857988165681 0.43851833333333334 0.5905887573964497 0.4785183333333333 0.5458698224852071 0.45666666666666667 0.5118343195266272 0.4816666666666667 0.47041420118343197 0.555 0.5266272189349113 0.5666666666666667 0.5879585798816568 0.605 0.5295857988165681 0.62 0.5207100591715976 0.6466666666666666 0.47928994082840237 0.6733333333333333 0.1863905325443787 0.6466666666666666 0.10650887573964497 0.6116666666666667 0.03550295857988166 0.5916666666666667 0.020710059171597635 0.4116666666666667 0 0.26 0
0 0.8983333333333333 0.9881656804733728 0.9016666666666666 0.9970414201183432 0.9983333333333333 0.9970414201183432 0.9983333333333333 0.8254437869822485 0.98 0.8106508875739645 0.9433333333333334 0.8461538461538461 0.8916666666666667 0.863905325443787 0.8883333333333333 0.9201183431952663 0.8666666666666667 0.9142011834319527 0.85 0.9260355029585798 0.8416666666666667 0.9970414201183432 0.8983333333333333 0.9881656804733728
0 0 0.9674556213017751 0.006666666666666667 0.9644970414201184 0.023333333333333334 0.9970414201183432 0.07833333333333334 0.9970414201183432 0.07833333333333334 0.9437869822485208 0.08666666666666667 0.9408284023668639 0.11833333333333333 0.8727810650887574 0.15 0.8520710059171598 0.14666666666666667 0.7692307692307693 0.125 0.7751479289940828 0.03666666666666667 0.8461538461538461 0.013333333333333334 0.8994082840236687 0 0.9053254437869822 0 0.9674556213017751
0 0.53 0.985207100591716 0.5533333333333333 0.985207100591716 0.57 0.9349112426035503 0.565 0.9171597633136095 0.5166666666666667 0.8372781065088757 0.4816666666666667 0.8579881656804734 0.4866666666666667 0.9615384615384616 0.53 0.985207100591716
0 0.49666666666666665 0.893491124260355 0.5 0.9526627218934911 0.5483333333333333 0.9704142011834319 0.555 0.9615384615384616 0.5533333333333333 0.9408284023668639 0.5583333333333333 0.9378698224852071 0.5516666666666666 0.9023668639053254 0.52 0.8550295857988166 0.49833333333333335 0.8520710059171598 0.48833333333333334 0.8698224852071006 0.49666666666666665 0.893491124260355
0 0.7916666666666666 0.9911242603550295 0.7883333333333333 0.9763313609467456 0.755 0.9437869822485208 0.7583333333333333 0.908284023668639 0.7516666666666667 0.8905325443786982 0.7333333333333333 0.9319526627218935 0.735 0.9437869822485208 0.715 0.9674556213017751 0.7066666666666667 0.9970414201183432 0.7916666666666666 0.9911242603550295
0 0.255 0.9970414201183432 0.23166666666666666 0.9497041420118343 0.18833333333333332 0.985207100591716 0.19 0.9970414201183432 0.255 0.9970414201183432
0 0.22333333333333333 0.8076923076923077 0.21833333333333332 0.9142011834319527 0.26166666666666666 0.9970414201183432 0.4633333333333333 0.9970414201183432 0.4766666666666667 0.9792899408284024 0.48333333333333334 0.9378698224852071 0.48 0.8757396449704142 0.4666666666666667 0.834319526627219 0.5016666666666667 0.7928994082840237 0.5133333333333333 0.7958579881656804 0.555 0.7396449704142012 0.5633333333333334 0.6804733727810651 0.56 0.606508875739645 0.5533333333333333 0.5857988165680473 0.52 0.5857988165680473 0.5083333333333333 0.6094674556213018 0.44333333333333336 0.5976331360946746 0.42833333333333334 0.621301775147929 0.435 0.6627218934911243 0.4216666666666667 0.6804733727810651 0.4066666666666667 0.6834319526627219 0.40166666666666667 0.7189349112426036 0.385 0.7455621301775148 0.37166666666666665 0.7366863905325444 0.36833333333333335 0.7189349112426036 0.34 0.7041420118343196 0.2783333333333333 0.6952662721893491 0.265 0.5887573964497042 0.24 0.5976331360946746 0.22166666666666668 0.621301775147929 0.21 0.7958579881656804 0.22333333333333333 0.8076923076923077
0 0.6716666666666666 0.46449704142011833 0.695 0.5118343195266272 0.6583333333333333 0.5710059171597633 0.66 0.606508875739645 0.7266666666666667 0.7159763313609467 0.7633333333333333 0.7337278106508875 0.7866666666666666 0.6863905325443787 0.8366666666666667 0.6952662721893491 0.87 0.6745562130177515 0.8783333333333333 0.6242603550295858 0.8733333333333333 0.6035502958579881 0.8783333333333333 0.5739644970414202 0.8716666666666667 0.5621301775147929 0.875 0.5384615384615384 0.8283333333333334 0.4378698224852071 0.8 0.4437869822485207 0.7516666666666667 0.3875739644970414 0.7383333333333333 0.3875739644970414 0.7133333333333334 0.42011834319526625 0.6933333333333334 0.4230769230769231 0.665 0.4467455621301775 0.665 0.46449704142011833 0.6716666666666666 0.46449704142011833
0 0.6183333333333333 0.9970414201183432 0.7016666666666667 0.9970414201183432 0.7366666666666667 0.9201183431952663 0.7583333333333333 0.8964497041420119 0.7666666666666667 0.8461538461538461 0.7733333333333333 0.8402366863905325 0.7633333333333333 0.8136094674556213 0.7433333333333333 0.7958579881656804 0.7516666666666667 0.8372781065088757 0.74 0.8461538461538461 0.7116666666666667 0.8431952662721893 0.665 0.8165680473372781 0.64 0.7899408284023669 0.6016666666666667 0.6982248520710059 0.54 0.7662721893491125 0.5166666666666667 0.8106508875739645 0.5166666666666667 0.834319526627219 0.6183333333333333 0.9970414201183432
0 0.5933333333333334 0.636094674556213 0.5816666666666667 0.6597633136094675 0.5866666666666667 0.6982248520710059 0.595 0.6923076923076923 0.6066666666666667 0.7041420118343196 0.6416666666666667 0.7869822485207101 0.715 0.8431952662721893 0.75 0.8372781065088757 0.7283333333333334 0.7485207100591716 0.6533333333333333 0.606508875739645 0.6183333333333333 0.6035502958579881 0.585 0.5828402366863905 0.5783333333333334 0.591715976331361 0.5933333333333334 0.636094674556213
0 0.2683333333333333 0.7071005917159763 0.305 0.6952662721893491 0.365 0.7248520710059172 0.395 0.7189349112426036 0.4116666666666667 0.636094674556213 0.40166666666666667 0.5828402366863905 0.3883333333333333 0.5621301775147929 0.3466666666666667 0.5710059171597633 0.325 0.5976331360946746 0.2816666666666667 0.591715976331361 0.265 0.6094674556213018 0.26 0.6301775147928994 0.25833333333333336 0.6834319526627219 0.2683333333333333 0.7071005917159763
0 0 0.9023668639053254 0.028333333333333332 0.8846153846153846 0.06166666666666667 0.8431952662721893 0.06166666666666667 0.8284023668639053 0.105 0.7869822485207101 0.10166666666666667 0.7396449704142012 0.04 0.6923076923076923 0.025 0.6449704142011834 0.008333333333333333 0.6775147928994083 0 0.7159763313609467 0 0.9023668639053254
0 0.16166666666666665 0.849112426035503 0.19 0.8106508875739645 0.21666666666666667 0.7988165680473372 0.24666666666666667 0.7662721893491125 0.26166666666666666 0.7396449704142012 0.27 0.7130177514792899 0.25833333333333336 0.6923076923076923 0.25833333333333336 0.6538461538461539 0.26666666666666666 0.6094674556213018 0.28 0.5857988165680473 0.255 0.5857988165680473 0.21333333333333335 0.6153846153846154 0.21 0.6331360946745562 0.18166666666666667 0.6627218934911243 0.15833333333333333 0.727810650887574 0.15333333333333332 0.8195266272189349 0.16166666666666665 0.849112426035503
0 0.08333333333333333 0.9970414201183432 0.17833333333333334 0.9970414201183432 0.19833333333333333 0.9792899408284024 0.23166666666666666 0.9142011834319527 0.23333333333333334 0.8047337278106509 0.24833333333333332 0.7751479289940828 0.20666666666666667 0.7899408284023669 0.16333333333333333 0.8520710059171598 0.115 0.8816568047337278 0.095 0.9112426035502958 0.07833333333333334 0.9585798816568047 0.075 0.9733727810650887 0.08333333333333333 0.9970414201183432
0 0.59 0.5857988165680473 0.6066666666666667 0.6005917159763313 0.6583333333333333 0.6005917159763313 0.6933333333333334 0.5473372781065089 0.6966666666666667 0.45857988165680474 0.69 0.4408284023668639 0.6666666666666666 0.4556213017751479 0.655 0.44970414201183434 0.6466666666666666 0.4911242603550296 0.6266666666666667 0.5118343195266272 0.62 0.5325443786982249 0.5883333333333334 0.5591715976331361 0.585 0.5739644970414202 0.59 0.5857988165680473
0 0.93 0.9142011834319527 0.9066666666666666 0.9053254437869822 0.8916666666666667 0.9230769230769231 0.9083333333333333 0.9881656804733728 0.9983333333333333 0.9970414201183432 0.9983333333333333 0.8579881656804734 0.9333333333333333 0.8520710059171598 0.9233333333333333 0.8609467455621301 0.9383333333333334 0.8964497041420119 0.93 0.9142011834319527
0 0.7585183333333333 0.8049763313609467 0.78 0.8165680473372781 0.7833333333333333 0.834319526627219 0.8016666666666666 0.8431952662721893 0.825 0.8372781065088757 0.8983333333333333 0.863905325443787 0.935 0.834319526627219 0.9633333333333334 0.8402366863905325 0.9733333333333334 0.7781065088757396 0.9716666666666667 0.7366863905325444 0.9316666666666666 0.7011834319526628 0.8016666666666666 0.6923076923076923 0.785 0.6952662721893491 0.7783333333333333 0.727810650887574 0.7433333333333333 0.7662721893491125 0.7433333333333333 0.7928994082840237 0.7585183333333333 0.8049763313609467
0 0.75 0.9319526627218935 0.7283333333333334 0.9467455621301775 0.7366666666666667 0.9644970414201184 0.765 0.9970414201183432 0.8983333333333333 0.9970414201183432 0.8916666666666667 0.9378698224852071 0.8833333333333333 0.9230769230769231 0.8283333333333334 0.8875739644970414 0.8333333333333334 0.8609467455621301 0.745 0.7988165680473372 0.7533333333333333 0.8254437869822485 0.75 0.9319526627218935
0 0.445 0.7396449704142012 0.4483333333333333 0.7781065088757396 0.495 0.8017751479289941 0.5116666666666667 0.7958579881656804 0.5466666666666666 0.7514792899408284 0.5616666666666666 0.6863905325443787 0.555 0.5325443786982249 0.5016666666666667 0.5 0.49166666666666664 0.47633136094674555 0.48333333333333334 0.47633136094674555 0.46166666666666667 0.5118343195266272 0.4683333333333333 0.5532544378698225 0.43166666666666664 0.6153846153846154 0.43 0.7071005917159763 0.445 0.7396449704142012
0 0.9233333333333333 0.6005917159763313 0.9233333333333333 0.621301775147929 0.9383333333333334 0.6627218934911243 0.975 0.6834319526627219 0.9783333333333334 0.7100591715976331 0.9983333333333333 0.7189349112426036 0.9983333333333333 0.6183431952662722 0.925 0.5443786982248521 0.9183333333333333 0.5059171597633136 0.8966666666666666 0.4822485207100592 0.8683333333333333 0.5118343195266272 0.8766666666666667 0.5650887573964497 0.9233333333333333 0.6005917159763313
0 0.87 0.6982248520710059 0.92 0.7011834319526628 0.935 0.6834319526627219 0.9383333333333334 0.5976331360946746 0.9116666666666666 0.5769230769230769 0.9116666666666666 0.5473372781065089 0.8733333333333333 0.5739644970414202 0.87 0.5857988165680473 0.8766666666666667 0.6242603550295858 0.87 0.6982248520710059