1 0.26666666666666666 0.2958579881656805 0.26166666666666666 0.3224852071005917 0.2833333333333333 0.7692307692307693 0.2966666666666667 0.863905325443787 0.40166666666666667 0.8846153846153846 0.4216666666666667 0.8668639053254438 0.5116666666666667 0.8875739644970414 0.5433333333333333 0.8550295857988166 0.5683333333333334 0.849112426035503 0.5733333333333334 0.7869822485207101 0.585 0.7603550295857988 0.6033333333333334 0.7544378698224852 0.6116666666666667 0.363905325443787 0.6 0.3165680473372781 0.52 0.1952662721893491 0.43833333333333335 0.14497041420118342 0.415 0.14497041420118342 0.4033333333333333 0.15384615384615385 0.38166666666666665 0.20118343195266272 0.3566666666666667 0.20118343195266272 0.32666666666666666 0.22781065088757396 0.29333333333333333 0.17751479289940827 0.2816666666666667 0.1834319526627219 0.295 0.2455621301775148 0.26666666666666666 0.2958579881656805
0 0.21666666666666667 0.8727810650887574 0.24833333333333332 0.8875739644970414 0.29 0.8757396449704142 0.2816666666666667 0.7159763313609467 0.26 0.7159763313609467 0.165 0.8431952662721893 0.165 0.8757396449704142 0.21666666666666667 0.8727810650887574
0 0.5266666666666666 0.9230769230769231 0.6166666666666667 0.9230769230769231 0.6583333333333333 0.9408284023668639 0.6766666666666666 0.9378698224852071 0.6833333333333333 0.9260355029585798 0.68 0.8757396449704142 0.64 0.849112426035503 0.5283333333333333 0.8698224852071006 0.51 0.8964497041420119 0.5133333333333333 0.9201183431952663 0.5266666666666666 0.9230769230769231
0 0.4816666666666667 0.8994082840236687 0.49333333333333335 0.8875739644970414 0.4666666666666667 0.8668639053254438 0.414815 0.8733727810650888 0.40814833333333334 0.9049378698224853 0.4816666666666667 0.8994082840236687
0 0.5916666666666667 0.742603550295858 0.5933333333333334 0.7662721893491125 0.5833333333333334 0.772189349112426 0.5933333333333334 0.7958579881656804 0.59 0.8136094674556213 0.5983333333333334 0.8372781065088757 0.6116666666666667 0.8431952662721893 0.6583333333333333 0.8431952662721893 0.6916666666666667 0.8254437869822485 0.7066666666666667 0.8076923076923077 0.7116666666666667 0.7692307692307693 0.7433333333333333 0.742603550295858 0.67 0.6242603550295858 0.6016666666666667 0.6449704142011834 0.5833333333333334 0.7130177514792899 0.5816666666666667 0.7366863905325444 0.5916666666666667 0.742603550295858
0 0.7283333333333334 0.8165680473372781 0.94 0.7485207100591716 0.9533333333333334 0.7189349112426036 0.9966666666666667 0.7159763313609467 0.9983333333333333 0.6627218934911243 0.9616666666666667 0.6449704142011834 0.95 0.6242603550295858 0.9183333333333333 0.6479289940828402 0.8416666666666667 0.6420118343195266 0.8133333333333334 0.6538461538461539 0.795 0.6449704142011834 0.8016666666666666 0.6627218934911243 0.7983333333333333 0.6775147928994083 0.78 0.6893491124260355 0.7666666666666667 0.6834319526627219 0.7483333333333333 0.7485207100591716 0.7116666666666667 0.7692307692307693 0.7116666666666667 0.8076923076923077 0.7283333333333334 0.8165680473372781
0 0.9879666666666667 0.7797041420118344 0.024066666666666757 0.040029585798816485
0 0.75 0.7396449704142012 0.785 0.7189349112426036 0.825 0.6775147928994083 0.8216666666666667 0.6568047337278107 0.81 0.6479289940828402 0.81 0.6331360946745562 0.7766666666666666 0.636094674556213 0.76 0.621301775147929 0.76 0.606508875739645 0.705 0.5887573964497042 0.695 0.5976331360946746 0.6883333333333334 0.650887573964497 0.75 0.7396449704142012
0 0.9583333333333334 0.5207100591715976 0.9583333333333334 0.5029585798816568 0.9483333333333334 0.48520710059171596 0.915 0.45857988165680474 0.8833333333333333 0.48520710059171596 0.8866666666666667 0.5414201183431953 0.9583333333333334 0.5207100591715976
0 0.295 0.23964497041420119 0.28833333333333333 0.26627218934911245 0.26666666666666666 0.30177514792899407 0.2633333333333333 0.3224852071005917 0.27 0.33727810650887574 0.29833333333333334 0.3343195266272189 0.33666666666666667 0.2514792899408284 0.30333333333333334 0.19230769230769232 0.28833333333333333 0.1863905325443787 0.28833333333333333 0.22189349112426035 0.295 0.23964497041420119
0 0.885 0.863905325443787 0.9433333333333334 0.8313609467455622 0.9383333333333334 0.8106508875739645 0.9283333333333333 0.8076923076923077 0.9033333333333333 0.8047337278106509 0.89 0.8224852071005917 0.88 0.8431952662721893 0.885 0.863905325443787
0 0.6416666666666667 0.621301775147929 0.6416666666666667 0.5502958579881657 0.6183333333333333 0.5384615384615384 0.5883333333333334 0.5591715976331361 0.59 0.6390532544378699 0.6416666666666667 0.621301775147929