1 0.3433333333333333 0.48009367681498827 0.3416666666666667 0.5035128805620609 0.38 0.5784543325526932 0.4866666666666667 0.5714285714285714 0.49 0.5550351288056206 0.51 0.531615925058548 0.5333333333333333 0.550351288056206 0.5433333333333333 0.5269320843091335 0.5633333333333334 0.5269320843091335 0.5816666666666667 0.5152224824355972 0.5916666666666667 0.48243559718969553 0.5766666666666667 0.36533957845433257 0.5633333333333334 0.351288056206089 0.47 0.3747072599531616 0.44333333333333336 0.405152224824356 0.365 0.41920374707259955 0.345 0.43559718969555034 0.33666666666666667 0.4637002341920375 0.3433333333333333 0.48009367681498827
0 0.105 0.33489461358313816 0.11666666666666667 0.3255269320843091 0.125 0.2997658079625293 0.11666666666666667 0.28337236533957844 0.056666666666666664 0.2927400468384075 0.06 0.3185011709601874 0.105 0.33489461358313816
0 0.14621666666666666 0.4334894613583138 0.03911666666666667 0.03262295081967215
0 0.23221666666666668 0.4681498829039813 0.02 0.033255269320843064
0 0.18433333333333332 0.48641686182669785 0.01978333333333334 0.016697892271662754
0 0.04266666666666667 0.3348009367681499 0.01866666666666667 0.022599531615925005
0 0.33454999999999996 0.3021545667447307 0.01800000000000002 0.022903981264636972
0 0.6783333333333333 0.2716627634660422 0.78 0.26229508196721313 0.7983333333333333 0.24121779859484777 0.7783333333333333 0.1756440281030445 0.6733333333333333 0.1873536299765808 0.6716666666666666 0.26229508196721313 0.6783333333333333 0.2716627634660422
0 0.51 0.5831381733021077 0.555 0.5573770491803278 0.5666666666666667 0.5199063231850117 0.5083333333333333 0.5175644028103045 0.485 0.5480093676814989 0.48 0.5690866510538641 0.51 0.5831381733021077
0 0.5816666666666667 0.41451990632318503 0.5866666666666667 0.4566744730679157 0.595 0.46604215456674475 0.6116666666666667 0.4379391100702576 0.6133333333333333 0.41217798594847777 0.6016666666666667 0.38173302107728335 0.5883333333333334 0.3840749414519906 0.5816666666666667 0.39344262295081966 0.5816666666666667 0.41451990632318503
0 0.28945 0.4840749414519906 0.021116666666666693 0.04637002341920377
0 0.3516666666666667 0.5175644028103045 0.35 0.46604215456674475 0.34 0.4613583138173302 0.335 0.4918032786885246 0.32166666666666666 0.5058548009367682 0.32166666666666666 0.522248243559719 0.3516666666666667 0.5175644028103045
0 0.7318833333333333 0.42927400468384075 0.03044999999999997 0.021053864168618288