1 0.32166666666666666 0.48154657293497366 0.325 0.5061511423550088 0.37666666666666665 0.5887521968365553 0.43333333333333335 0.5834797891036907 0.4666666666666667 0.5096660808435852 0.505 0.48857644991212656 0.51 0.48154657293497366 0.5066666666666667 0.4710017574692443 0.44666666666666666 0.3954305799648506 0.415 0.37082601054481545 0.39166666666666666 0.37785588752196836 0.3466666666666667 0.4094903339191564 0.345 0.43233743409490333 0.32166666666666666 0.48154657293497366
1 0.43833333333333335 0.6098418277680141 0.495 0.7012302284710018 0.6016666666666667 0.6889279437609842 0.6216666666666667 0.6344463971880492 0.6383333333333333 0.6098418277680141 0.565 0.5026362038664324 0.53 0.4727592267135325 0.47833333333333333 0.4780316344463972 0.445 0.562390158172232 0.43666666666666665 0.5887521968365553 0.43833333333333335 0.6098418277680141
0 0.8216666666666667 0.7627416520210897 0.8766666666666667 0.8330404217926186 0.9066666666666666 0.7873462214411248 0.9283333333333333 0.7381370826010545 0.8933333333333333 0.7100175746924429 0.8566666666666667 0.7152899824253075 0.8366666666666667 0.7275922671353251 0.8216666666666667 0.7486818980667839 0.8216666666666667 0.7627416520210897
0 0.91 0.8840070298769771 0.9416666666666667 0.8840070298769771 0.955 0.875219683655536 0.985 0.8330404217926186 0.9816666666666667 0.8189806678383128 0.9566666666666667 0.7908611599297012 0.95 0.7644991212653779 0.9333333333333333 0.7768014059753954 0.8866666666666667 0.8523725834797891 0.91 0.8840070298769771
0 0.49818333333333337 0.7703690685413005 0.05696666666666658 0.04465729349736374
0 0.5234833333333333 0.7176449912126537 0.06211666666666664 0.04783831282952553
0 0.37666666666666665 0.6221441124780316 0.39166666666666666 0.6256590509666081 0.385 0.648506151142355 0.35833333333333334 0.6520210896309314 0.36666666666666664 0.6766256590509666 0.4266666666666667 0.7398945518453427 0.43166666666666664 0.7539543057996485 0.44666666666666666 0.7592267135325131 0.45 0.7521968365553603 0.47333333333333333 0.7469244288224957 0.4766666666666667 0.7311072056239016 0.4866666666666667 0.7240773286467487 0.48833333333333334 0.6942003514938488 0.45 0.632688927943761 0.4066666666666667 0.6151142355008787 0.40166666666666667 0.6203866432337434 0.39166666666666666 0.6151142355008787 0.39166666666666666 0.6063268892794376 0.37333333333333335 0.6010544815465729 0.36 0.6063268892794376 0.37 0.6098418277680141 0.37666666666666665 0.6221441124780316
0 0.275 0.5430579964850615 0.2966666666666667 0.5676625659050967 0.32166666666666666 0.5817223198594025 0.3433333333333333 0.5694200351493849 0.345 0.5571177504393673 0.315 0.5307557117750439 0.30833333333333335 0.5061511423550088 0.295 0.5026362038664324 0.2833333333333333 0.4868189806678383 0.26666666666666666 0.4868189806678383 0.2633333333333333 0.4938488576449912 0.26166666666666666 0.5096660808435852 0.275 0.5430579964850615
0 0.21318333333333334 0.05434094903339192 0.035449999999999995 0.0345518453427065
0 0.22925 0.08599297012302284 0.03726666666666669 0.04031634446397188
0 0.37515 0.09541300527240773 0.01696666666666668 0.024024604569420037
0 0.35636666666666666 0.24305799648506154 0.04 0.03811950790861159
0 0.37833333333333335 0.35500878734622143 0.385 0.37609841827768015 0.39666666666666667 0.37961335676625657 0.395 0.3602811950790861 0.37666666666666665 0.3286467486818981 0.36333333333333334 0.3216168717047452 0.3566666666666667 0.3286467486818981 0.37833333333333335 0.35500878734622143
0 0.34833333333333333 0.6028119507908611 0.365 0.6133567662565905 0.38333333333333336 0.6098418277680141 0.375 0.5817223198594025 0.36 0.5694200351493849 0.35 0.5711775043936731 0.3416666666666667 0.5746924428822495 0.34833333333333333 0.6028119507908611
0 0.5240833333333333 0.4565377855887522 0.03908333333333341 0.043286467486818976
0 0.49045 0.36817223198594023 0.03848333333333338 0.03592267135325131
0 0.5833333333333334 0.5020738137082601 0.05151666666666661 0.054481546572934976
0 0.665 0.6625659050966608 0.6583333333333333 0.6854130052724078 0.7083333333333334 0.6660808435852372 0.7116666666666667 0.6537785588752196 0.7016666666666667 0.6309314586994728 0.705 0.6098418277680141 0.6916666666666667 0.6063268892794376 0.6783333333333333 0.6344463971880492 0.6516666666666666 0.616871704745167 0.65 0.6397188049209139 0.665 0.6625659050966608
0 0.7259166666666667 0.7460808435852372 0.06696666666666658 0.05998242530755711
0 0.6266666666666667 0.7240773286467487 0.645 0.7170474516695958 0.655 0.6818980667838312 0.6266666666666667 0.6572934973637962 0.6016666666666667 0.6695957820738138 0.6133333333333333 0.7205623901581723 0.6266666666666667 0.7240773286467487
0 0.5983333333333334 0.7697715289982425 0.6333333333333333 0.7750439367311072 0.62 0.7275922671353251 0.605 0.7293497363796133 0.5916666666666667 0.7469244288224957 0.5983333333333334 0.7697715289982425
0 0.585 0.7897012302284709 0.03363333333333325 0.02899824253075571